-9.041961225845554
-74.86863276224764
13.04285907475122
39.060321065624095
68.86553676336757
45.03879733424108
-96.55222793883145
76.94380935578914
-53.120355008791066
68.14983904723397
-0.31513716759631905
-44.98009932586149
26.82928137006438
39.83636520773567
60.52413268686425
44.50114074091093
-80.44933485543588
-70.1293788219876
23.8767465358588
-87.81869064265678
52.371631633366064
-25.40248740196391
-54.218665743759665
-35.94565290035024
-30.673481864516646
-13.099894880686662
-82.52099842541733
45.39898631263088
19.244285052193618
-49.50264040929318
-10.879391716776524
-5.293178290366555
-36.74520990532555
91.53510088533645
-98.60110792735514
3.728369160430603
-84.28087552653001
-16.28870677965189
24.956264590567656
-23.111832371462356
16.001514062449075
74.23433852568445
-54.128396050075466
47.581611908738694
52.86306418376023
75.06214264291947
-8.982123690479256
-48.14438484829439
43.06596130298283
-74.75759110653058
79.67749400873322
17.062072261848925
13.14611375117805
28.532991448387918
-74.5387989551081
97.49063546215714
-9.68182861760478
-41.73557873323583
-18.33557289051315
92.85369506703674
77.19810750717787
61.969577319859525
-5.489280956060341
-21.498129286822973
12.737073207753042
25.484527311428835
8.518934347567125
66.72163980392597
11.664557577718696
-11.695977359212023
61.604878410982195
89.60902759515557
-2.4999450361035116
71.9060175288277
-91.82833293092474
-79.51917315250094
-52.99815408111284
31.4410939879065
45.470756594657615
-8.526065783963688
-24.28279344655988
-50.642562582179096
-36.47028022080738
-43.13486941641331
-63.4626853528679
51.46222197551643
0.2007207250557883
-3.7882863264451885
8.918470221715566
90.7934911490045
-89.17992145600556
21.84377060365466
47.8010932584194
45.93223611974932
-57.32446238711908
58.67074752058571
-34.805636630353916
49.703456664939125
36.34815479429315
-35.05970436888313
31.954666333704353
21.501301282785562
-56.08752867019713
-56.43898470964422
-33.64166775248643
6.2014988203325885
25.62275521337763
-29.536957474314235
38.9860427753938
8.151450344662308
-36.36608635761689
-20.9954128458224
-55.95407271490427
35.45566333415394
96.95438045237174
-51.68575083808471
18.317172703589904
95.03273058363283
-90.3799750126314
7.244811097402561
-4.209692933008299
-52.08334532028624
-4.909236649918739
-93.81505715955618
-50.52956412124829
58.602325714926906
88.3900631994967
-87.750334490696
-41.825841141909905
78.09780141764583
-97.37225292610057
6.95089769557417
49.95802408274406
-95.34084524049405
-92.84330986294924
-12.2206853324913
4.762628480806114
-64.03674853148269
-83.19522915163951
-24.40873359504087
-73.30666545628408
-1.1579674620362255
7.07687473528766
-77.34814883521663
74.17004179285635
86.19057599537473
97.14593219051599
34.25299842818225
78.37897451769527
-40.692588146775456
-37.08448116185401
-11.677605649564086
95.78776262106322
69.8196530219071
-78.3552550188985
57.01277246396083
-11.368003025804029
16.238789358721405
8.162938553767532
-26.016877716070326
71.83190891127322
-97.81190142139616
-13.42307247819194
57.89730579848083
-15.279652174331943
82.13062428170468
29.671173290323708
-69.47521451268936
-29.972115533082317
61.064349436672586
-91.510995388428
89.99448958399768
-98.73554043927302
-78.50413594407436
60.44820014603815
-66.90733775544507
98.09013137697218
-42.86123583402883
80.15979436802158
33.49937879309425
75.15928695706268
86.68820982255266
-54.95024612166861
-32.969563036096645
81.63286420812008
-88.4620415158707
-99.85785062333048
-28.539397126598274
-44.75341315069099
40.92579638866113
-11.752576948172376
45.179814356738234
33.67492265864871
-3.2863840569206957
-51.46160828985009
72.64886194066065
55.668835375968484
-61.36688124453384
-39.03249769903452
-83.01884859563795
-11.106247195897524
-22.353598416036476
99.95775387935925
-71.31720062703846
-27.606181528341622
-69.15766001476531
-12.232904774705005
28.307094627798108
79.68314009855794
90.29055011812048
-9.01576906133785
78.1703214678997
-83.97408047233348
-2.044561572998333
80.68226334622784
73.44561456315353
20.58689199430232
18.277398038062344
55.193272830616166
-27.88597388464693
-19.554377454014755
55.26768406037931
68.50928222665021
16.246819374006805
22.646674698014934
32.501117728499935
-58.63649988397768
67.68231419616964
91.6341408438922
62.79478431319981
30.36776288836677
-41.88715080861971
-98.71165560511903
-63.53424477607143
78.93874179492977
-12.373760076227299
-93.14335466807636
-72.20675303054773
-61.021151421442646
-88.3342989707705
48.082096501829
-18.15517751871974
66.72173187026374
11.84435430537927
-79.5677042341847
-14.400768976717998
-94.78544303284974
98.99057950745313
-82.511923132621
-35.23610267101685
-19.779394648415575
67.29653398812175
80.36416148796718
-94.34245962917527
-34.88957065505251
33.75047635856245
-48.58405300273327
-13.409365663185937
-52.3541694506207
-21.52229529031338
72.86737446623377
24.828430799320486
11.695459828630277
2.7897981686136717
4.004391985679987
-12.24574667278577
85.09732411548373
40.14088926568354
-50.68532261759049
18.192923876719135
-37.090348941075945
53.43745295608912
75.00960606899397
3.646101519527349
-13.330141770484147
95.67897899066381
-77.81455191777846
80.96514374074474
-15.913178437026616
-75.56009546852587
-45.98373105451652
56.07810561559509
-50.381964327673586
20.661721026761867
37.8790057336785
-22.499388989627178
-63.65307824542607
18.08135817437666
97.18865695075175
-61.27683164074313
-29.279484660608517
-19.776462262884607
-63.56108591781269
48.36648118781787
50.61958389712936
-76.22278337159909
-15.33188802430601
56.47713063640049
-26.967953555481955
99.78802525654132
44.952804186969956
-14.931673400070892
-96.58396348698399
-58.22539967770241
68.59782854917421
-54.085353771889345
-54.478672512398376
-15.335542482491178
-55.22009383620312
72.18072147372513
-39.80928324846475
51.45947657547981
-5.937253296554502
-56.97532498942375
-8.895589265263482
-79.06474924139621
-2.2334213361061757
-93.68758015344571
11.83734585772693
15.667948158978092
22.414146449262248
-84.57638486744317
53.7283050615942
-64.66637800362034
82.49395542408874
71.35588709403774
71.50206825813598
-91.7321918843715
-45.42640533808813
-57.36338960149505
-23.64649009611064
77.97833143361171
5.547920637631208
-1.4036875987005573
44.88065300542249
63.713964632918845
-30.13556211277364
87.11812668712577
81.90733320848503
-59.43455566465599
-55.051617181901655
-35.316806400762474
30.52163141588872
-80.9899549515364
66.3962397597459
-90.31963492069363
-52.63215922778806
62.93510321616478
-79.55347877929842
-89.13772134407772
-22.820633664314897
-25.417503809910073
33.48909859476211
-64.63477038700148
-75.99222907353428
-20.561526805911612
-87.45926207737111
4.990481685000134
79.30506835704782
-90.31694856626389
45.93965418747331
-1.1200238599578256
-7.472898436207089
91.32362674329212
4.92621916462403
88.05843102311496
-24.44407391519509
67.61473381906413
-25.80133286701441
61.68209532106886
75.90613534192374
-57.2957962792906
-43.578003262426115
-77.95600765949142
-40.87541588403663
-49.67249775393094
92.62860144658845
-36.5964620262806
-86.43239343019589
60.869406827149106
-59.81608205980109
88.11157679946939
-73.5179149275622
14.957776078257481
-39.47128475055193
-40.20737119202727
86.83662621491908
-22.324369809114344
-71.58788872019312
-50.450318337127676
82.89196860431284
-33.49299205154719
-18.803408536265962
19.45340192660268
-6.353489437913936
-93.70047742420515
65.79984372514986
31.78412882465841
44.01098711010266
-17.790579778592132
18.167472556065306
20.08260417710082
76.32816861089046
1.0476119268204798
-58.25861554679519
10.091978035631527
-3.0124196471095814
48.04997043579945
43.74253618690679
5.463904133623103
-64.18756120887636
33.71704030931201
-89.71861920430895
-42.947863725908796
7.999705872651191
48.76009225824643
-22.69304025304062
-78.46941638319736
-50.22709385704749
-99.45546410293078
55.80631307736732
-55.12194262037235
-93.9822984353422
-41.920780976260374
-59.80414048037102
41.236608392890105
82.09380164560505
-35.09162338652851
17.588179090663886
-63.09115530692182
-97.6459452639923
-57.373325963542364
-33.74907401602928
16.943267487689823
-26.374568586899258
27.086200280932474
-40.44113622255212
-98.64388236983244
-48.81274133207327
-74.61834514898409
20.332098839718498
-49.842174929889495
-33.055084685263125
-49.77514809079662
-32.44086701283237
94.76127455707964
62.139887729814035
-8.73914546436157
-78.50498235266897
-79.61949251030546
-15.360736248333893
30.4511805768569
-62.705012132611856
67.6678462957459
-21.875796777260348
-64.69526643452286
8.82100523789127
-63.79770165285925
-32.96467423784826
-37.07980904015209
-74.70318992455907
-57.85232265368931
-34.90205398873849
-97.3879560195116
22.43004743101271
-11.562619910046607
-65.11472866436611
31.087246946217476
-4.217718285111346
-8.723147116754589
-37.399675272506
33.53407416996376
-19.454382045278606
79.07537587535717
56.85764266161712
-89.90368361171461
22.586983834017403
19.785617880279744
10.198759431264378
-33.482865423167254
76.1048110929033
8.07586723308755
19.95411978504613
64.25788206015113
-93.71113395980468
-91.38122910603315
56.190796841109346
63.47347116837585
-16.753634049151245
68.67223575210042
-63.92955182461368
24.85256845952175
-14.132702654043783
-72.69665015996547
-66.81385196176419
89.8754657181619
-29.947351441334163
-99.50861667283652
28.131711715451814
-40.541933119244035
