-53.90979731337811
-28.166787517998728
12.336941828068987
-82.66027110339449
62.584644479058284
46.73047154171047
-61.185489612990686
-64.90854825648498
72.96966669420394
-90.77969760806806
62.700727394225254
-19.485908666941953
-33.79842039616305
-31.997888518313175
-77.07532626241915
-63.30345554930494
-50.381723505742485
74.13710830302341
41.22040134943529
-9.42407218986088
-51.815689150604946
-48.76036251569149
-65.13213497332927
-45.73948029950885
-9.751039331767132
-13.159772049326051
-67.93066420859309
-63.3649551327107
-64.68821919134186
-43.767801049380495
25.776085609581784
-20.86302081917691
83.22556507862387
-14.00709746805245
83.11195642745875
62.53137941778459
-9.365818232280617
84.77185545196926
46.52593869151028
-73.98013924943186
-64.79914725199549
45.9402538634688
12.753547527700547
-18.867269447355753
71.67775379521908
64.48910365305781
35.73253481746684
-18.773984486087713
62.63711992545936
46.56338304162077
38.32117715712232
-94.05075545526064
-43.32092038143376
-66.28895590235145
-55.10182548451215
-90.98735931428183
20.027151893691595
-92.24883993144289
26.68872818904333
93.5446019581062
-36.74784145381202
-28.50622704871226
-99.48969747709111
-2.085631095860464
-81.38183095814773
19.940889789512852
44.63650524168733
-31.45952347614434
-50.70392870170228
-54.80377697817411
3.2824081214785963
-91.2406295845622
64.2253041960596
33.74627944446539
96.3955960717513
83.05829802004249
-94.28109031275247
-15.276631832917786
9.703057345824107
20.50123114081248
62.222228471262696
-15.156163997401606
-96.16911780973581
95.1170648952718
62.56788883232608
-98.0105453638132
-93.2899930305131
-87.8793642514489
-61.35061658272407
-67.11114942336043
46.11268078724163
74.74925447885673
18.626125640585784
-47.50320241245636
-72.3270657121545
-7.987203181261407
-97.02702970414818
20.76664926163197
86.41756158644222
-37.57256655687271
4.266759357792836
29.22778617637195
63.206954641209364
-61.87834323783865
90.57088176071531
73.41164452060954
25.170170378062267
70.3851910985471
75.88108197910651
-96.01241529167285
38.141073553911355
33.791848668821046
82.6389937287289
-98.48860264561677
-93.23899892324994
23.149996113104805
42.89152034304698
63.8429980253795
62.57663531395431
49.24250267963686
47.94140769805918
-92.25513821085384
90.39956670570868
19.238451397391216
-87.63206968774708
-4.0558104613403145
30.316983485627247
92.92095043959165
-68.54868581031252
87.78092903070544
-46.864376502256675
-76.7973367035417
81.35309157605798
-8.856792711482967
15.859868539366246
92.49988935832314
23.892028938113796
-65.47230353965594
54.748530621909794
16.312962146076984
-62.05214992322055
2.827204988375968
-14.159226206906837
-55.33436613938731
-98.14251880568008
-28.355843337478873
24.010219796180195
26.84231340382219
67.46497952573353
85.89668501769779
48.02984204171969
-53.31265751502452
-62.77110677805182
27.333777486053762
70.8734953742863
95.29764346825479
15.579871812880526
94.33984287664444
-86.53308991120778
21.993655460763634
-23.626410349561695
55.63065710089211
57.93728455292114
-89.46697418897867
4.637195770758325
85.42678531903141
63.65273914203192
49.32791108558675
57.929354066439345
-8.16863835290232
-28.3619112892183
3.5589362385984487
82.62917011414845
-77.52085088886088
61.387513052765684
31.41743368888774
-4.0805869944447295
-10.029743448564972
45.80940872439015
12.541171879842025
-71.70497355720526
-21.826471838005318
71.63159417222772
97.71035050115873
-75.61568373810978
-78.11879990729284
37.71276041676458
72.91508136104173
15.060852595423825
-29.54654149550791
24.579947021997725
77.27405819743171
14.744730316159774
-14.710783394007507
-56.62603432739084
-21.834140761663562
-88.4300048035065
-9.127727675030513
86.8168787546769
39.20494478213976
-88.81635914377053
9.704338961912967
40.39191245629243
-90.75828799072742
-46.30442751963248
64.02253152863676
89.67827076653475
54.19320866028457
-80.15325371263806
76.88780013333846
-3.9687784188073607
-43.27701546283769
-37.113483669812354
-42.3276074838514
-35.72837579682091
29.67001642635202
-20.530543882420687
84.78302170112039
30.37961873501709
85.9380742127041
91.65784419120871
-45.46626761663426
23.83971440373918
-60.36525044039265
81.83817528781435
73.89889828057755
66.72637784282264
11.453644420085524
92.51460852374868
47.77273619813252
24.913449286630396
52.637395200203144
9.356325731145105
72.88103830136367
-9.606099858166388
59.5052779324846
30.25569361312938
23.075948656351557
42.69662718272849
42.004714937813446
47.236436482413126
95.62109064996491
-28.673427975183884
-84.46412375087482
89.51797304101314
-57.73734288956489
14.940299072326653
79.33008915165465
52.85623434102894
29.205812008238183
-77.6889968593002
9.647551971233256
97.22493834363436
-46.42763815676847
58.90625702519793
-58.34446431884821
93.9494939861612
81.55285870210182
69.31820045828226
-4.362195759061606
14.150548644135142
-40.623673827768194
91.1297462767113
74.39977776590433
47.3079025338879
32.50219362202381
32.24194776712619
-28.919339275932685
52.63072016232047
-35.171367266451696
-45.414921926370845
63.83887593245882
-61.501871657043196
95.66921168095172
60.84224127145117
87.14687409088836
-60.06699044837867
-70.22920902971117
98.7508465659061
42.3105287905598
-45.52854345360045
-97.9335958854181
76.33574471841874
7.805861830734997
58.78355760046466
-51.79484433894548
24.44294317290337
-84.82616917289458
-7.939592851064646
-3.7339980741914616
-98.58618316749441
91.95474440020749
-51.23821461813145
-59.48141995215561
73.34279358564942
36.89634243134904
-38.56390560686693
51.29884800023373
58.83522327672094
-15.63554828153066
-76.18422798963324
-5.553217437091035
6.188576239133624
-31.677002248348487
25.455348788806617
40.017522780766285
-19.02431621611136
-30.734830955191228
-5.905274771804287
-66.09156716961937
-64.23676050467455
4.105184345364535
-89.2658882860275
-20.651889395820007
-10.594072821501115
39.4409479066847
-93.92123763993577
0.9264871173819245
-99.92237176936791
11.563516693610552
29.37360520009031
-57.12849308244265
-27.054955761696718
75.39837168342467
-27.728481492115662
-42.06338768425615
-77.5324711215595
27.303812607458113
-66.60849413213082
49.425888023142875
19.761849655191966
-71.61932294493616
-45.35174260641279
-40.401762996934075
54.40520559595873
-94.25787009165496
-39.527088990258804
40.7816254226517
-13.546971767684198
71.31260272410861
-90.62600303230901
-79.1150819978365
-31.745951501477748
69.06270953965969
76.4355589081297
-51.58064778561795
-9.050445418537123
-48.665478194569786
78.61571831311272
83.21250718786672
93.61779034901602
-78.6003291366269
-27.25932871536881
-14.613847870887724
-66.12618333073436
-74.48430726443236
66.81231512996396
10.007330244997931
75.2301683593953
-85.3787934834823
-77.91183440628404
11.927352759792058
-22.35899922102756
47.05170953875077
69.7135087914344
-58.158411033425054
-65.0521705747995
-69.31207706518188
37.44693176576291
37.63924838145232
35.5080121518601
-20.32501182012024
14.513967160153115
56.37749440522373
50.65579993178352
-5.39070164186775
-97.43217191039678
54.68865846056545
-74.03427388881217
69.08813320733086
8.033937981480491
69.0248509410666
64.63630495619233
22.349528940173684
36.99070674303513
-69.9244491781055
98.48668404454543
-83.8555226467026
-88.02873790878756
-90.21081402776613
-76.78733637881507
19.427148753978912
81.5315657175247
55.32149423053377
-4.364164672771608
-37.63834101374675
58.42502162292163
9.867195751796928
28.26170607635555
-62.934789446480586
68.55506086412186
-32.50567646953779
-12.940762107092738
18.43179629761977
68.90934061041952
6.080871382370717
0.6841573685055522
-56.79462772811807
30.733765948512826
55.539035652016736
89.933384447527
-79.92313019912575
20.318868874284405
82.34127635441001
33.54946591677083
46.740354486312896
-70.33415014891162
-97.29144432908672
39.2307485368822
-76.69765384388825
-8.125301669425511
-31.512076252998384
6.568702957196294
99.43031317621069
-51.91027323616597
43.621558942472916
-1.3561525737336524
6.023294454934899
-69.82568467486078
-9.369903359226456
20.61561433728798
5.903999411514917
20.78047055170032
66.59835603041705
5.335089191411498
-76.55067499608461
90.28273294681344
28.89576205899877
-49.002018613552536
-38.99034834136022
36.36302015079622
-1.1409639367417839
53.13392217088193
-77.141959883074
-43.924143308153575
84.28529975920426
57.837044346211826
-95.39958123724219
-11.380688605744709
13.422629279555267
-4.729938234358102
-81.86975132979073
-40.02784868844627
16.234530607812175
-59.47773838528381
-87.6431878902435
-65.00226396849425
-57.860339443922484
-36.93729657495803
-88.9229219466547
-2.8665545589670103
75.1341321178015
-94.72402110913258
-15.91771515954727
9.839517039698961
15.137759166826825
9.858804925845234
59.57868003816992
-77.93166026101608
-81.83169485617599
-86.8271783137352
-20.794159644105846
-79.60486974799012
-97.8527356525057
-46.891248702341606
79.7326827938607
-8.080728658021613
15.497338843209548
-81.98562348485537
-53.39574287037079
23.708618442125882
49.63260439325245
-25.602706581989594
-74.83068885202995
-29.828955900598913
-71.10681410700393
48.81934648874696
-73.30422571335622
-29.5468017507621
76.8506170976598
-94.94269330936325
49.548301452868316
-11.047778707130917
-62.103338609152495
71.87678105675238
39.3917741352941
33.15776669503353
72.722618412461
-88.33418250888158
-7.447067295286345
